4 0.615351 0.609308 0.092466 0.440184
0 0.863994 0.364270 0.271270 0.192505
0 0.406676 0.269296 0.042013 0.045778
0 0.038561 0.505570 0.076719 0.194710
4 0.870817 0.456456 0.041280 0.289135
0 0.379056 0.305586 0.038868 0.070103
4 0.463274 0.306143 0.013837 0.092777
1 0.332421 0.305141 0.065782 0.115271
1 0.552021 0.321605 0.118096 0.120430
0 0.082735 0.292398 0.048135 0.045471
0 0.010670 0.289950 0.020929 0.034314
0 0.332129 0.311125 0.064414 0.104375
0 0.180324 0.269541 0.025050 0.030745
0 0.175343 0.270362 0.035353 0.035648