4 0.453209 0.593695 0.070716 0.383259
4 0.763521 0.392744 0.039354 0.197095
4 0.739978 0.294263 0.019938 0.084125
0 0.619528 0.308257 0.169967 0.114948
4 0.714784 0.281122 0.024862 0.116042
1 0.213856 0.575167 0.427323 0.551990
0 0.418983 0.244405 0.030749 0.038366
0 0.449503 0.245032 0.033280 0.039607
4 0.715174 0.286134 0.018915 0.105830
0 0.920277 0.331265 0.156002 0.130442
0 0.328293 0.239767 0.034565 0.034666
0 0.501182 0.241162 0.028346 0.039086
0 0.942429 0.336651 0.114044 0.131770
0 0.881813 0.322413 0.075808 0.108279