0 0.557748 0.798357 0.141006 0.093621
0 0.845514 0.789181 0.111062 0.078500
5 0.930952 0.392837 0.017640 0.077826
0 0.960286 0.755561 0.077368 0.078041
5 0.120480 0.463703 0.017249 0.067272
0 0.193041 0.740408 0.104033 0.075744
0 0.382744 0.765666 0.038698 0.052855
5 0.155022 0.492521 0.015857 0.063290
5 0.867792 0.452880 0.018084 0.071935
0 0.126471 0.702279 0.047540 0.039463
1 0.439669 0.745481 0.042855 0.113568
5 0.180833 0.513840 0.012637 0.051173
5 0.205564 0.536701 0.012627 0.051726
5 0.993377 0.317391 0.012524 0.086460