0 0.570274 0.799106 0.140788 0.098383
0 0.845434 0.789218 0.111190 0.078680
5 0.930843 0.392516 0.017839 0.078246
0 0.960600 0.756840 0.077899 0.077298
0 0.193103 0.740426 0.103734 0.075734
5 0.120848 0.463454 0.017086 0.067494
0 0.382797 0.765924 0.038719 0.052656
5 0.155001 0.492556 0.015902 0.063255
5 0.867878 0.452649 0.017894 0.071694
1 0.439430 0.745065 0.043601 0.112488
0 0.126220 0.701727 0.046822 0.040521
5 0.993405 0.317612 0.012463 0.085745
5 0.205560 0.536648 0.012622 0.051721
5 0.180838 0.513816 0.012658 0.051172