0 0.834386 0.792600 0.143722 0.104243
5 0.930696 0.392434 0.017947 0.078555
5 0.120325 0.463370 0.017244 0.067338
0 0.193816 0.740148 0.103446 0.075458
0 0.381902 0.764337 0.038251 0.053075
5 0.155027 0.492409 0.015875 0.063244
0 0.964775 0.753810 0.062333 0.075645
0 0.913432 0.770821 0.046285 0.060613
5 0.867650 0.452859 0.018493 0.072127
1 0.439888 0.745631 0.042701 0.114330
0 0.126486 0.701808 0.047540 0.040682
5 0.993201 0.316871 0.012862 0.087145
5 0.205431 0.536793 0.013057 0.051949
5 0.180734 0.514035 0.012656 0.051372