0 0.845854 0.789021 0.109873 0.078103
0 0.699257 0.802618 0.146612 0.099396
0 0.958009 0.755916 0.083013 0.076378
5 0.930857 0.392586 0.017800 0.078168
0 0.193534 0.740330 0.103016 0.075976
5 0.120156 0.463509 0.017444 0.067606
0 0.382731 0.765964 0.038546 0.052553
5 0.154931 0.492632 0.015888 0.063164
5 0.867868 0.453108 0.017769 0.072040
1 0.439760 0.745903 0.042900 0.114239
0 0.126675 0.701963 0.047493 0.040558
5 0.205593 0.536481 0.012637 0.051601
5 0.993296 0.317496 0.012684 0.086463
5 0.180746 0.513866 0.012660 0.051098