0 0.845748 0.789122 0.110579 0.078312
0 0.678619 0.801892 0.147058 0.098055
5 0.930945 0.392485 0.017624 0.078186
0 0.193569 0.740447 0.102926 0.075733
0 0.960240 0.755278 0.077284 0.077687
0 0.382734 0.766053 0.038474 0.052493
5 0.120404 0.463459 0.017277 0.067284
5 0.154952 0.492638 0.015883 0.063187
5 0.867934 0.452771 0.017603 0.071884
1 0.439808 0.745896 0.042953 0.114232
0 0.126678 0.701805 0.047523 0.040867
5 0.993305 0.317659 0.012659 0.086832
5 0.205596 0.536501 0.012628 0.051604
5 0.180757 0.513847 0.012703 0.051097