0 0.845500 0.789227 0.111219 0.078545
0 0.620263 0.801135 0.143924 0.096946
0 0.960542 0.756791 0.078015 0.076705
5 0.930841 0.392639 0.017809 0.078214
0 0.193583 0.740341 0.102958 0.075878
5 0.120473 0.463533 0.017210 0.067361
0 0.382763 0.766110 0.038657 0.052421
5 0.154980 0.492732 0.015926 0.063108
5 0.867879 0.453057 0.017926 0.071856
1 0.439756 0.745884 0.042913 0.114147
0 0.126491 0.701992 0.046969 0.040561
5 0.993351 0.317602 0.012569 0.086045
5 0.205617 0.536447 0.012567 0.051418
5 0.180801 0.513972 0.012711 0.051334