0 0.857036 0.787717 0.087857 0.075746
0 0.743032 0.799466 0.147677 0.100157
5 0.120285 0.463444 0.017406 0.067504
5 0.930702 0.392265 0.017916 0.078549
0 0.193778 0.740282 0.103489 0.075456
0 0.381975 0.763957 0.038564 0.053655
5 0.155017 0.492413 0.015895 0.063363
0 0.951375 0.756933 0.095204 0.075326
5 0.867591 0.452662 0.018713 0.072034
1 0.439868 0.745607 0.042679 0.114262
0 0.126709 0.702320 0.047380 0.039013
5 0.993291 0.316475 0.012692 0.087087
0 0.932520 0.763211 0.054473 0.063799
5 0.205447 0.536787 0.013058 0.051924