0 0.542986 0.798303 0.139729 0.095021
0 0.845360 0.789205 0.111385 0.078540
5 0.930942 0.392675 0.017641 0.077862
0 0.960582 0.755797 0.077835 0.078708
0 0.193194 0.740184 0.103634 0.076095
5 0.120451 0.463726 0.017307 0.067354
0 0.382772 0.765777 0.038624 0.052544
5 0.155016 0.492549 0.015938 0.063162
5 0.867834 0.452743 0.017880 0.071952
0 0.126500 0.702199 0.047837 0.039850
5 0.180829 0.513849 0.012655 0.051283
5 0.993367 0.317580 0.012547 0.086106
5 0.205565 0.536723 0.012619 0.051748
1 0.439632 0.745366 0.043772 0.111810