5 0.120494 0.463352 0.017277 0.067537
5 0.930728 0.392366 0.017750 0.078718
0 0.193537 0.740403 0.103665 0.075298
0 0.381984 0.764224 0.038288 0.053360
5 0.155024 0.492436 0.015935 0.063070
0 0.827632 0.791072 0.069096 0.078229
5 0.867835 0.452857 0.018023 0.072187
0 0.915296 0.778192 0.125975 0.105465
1 0.439803 0.745593 0.042769 0.114245
0 0.126672 0.702079 0.047682 0.039625
0 0.970375 0.745814 0.052523 0.060214
5 0.993231 0.316721 0.012811 0.087272
5 0.205465 0.536677 0.012939 0.051749
5 0.180843 0.514003 0.012488 0.051198