5 0.120581 0.463434 0.017114 0.067558
5 0.930630 0.392449 0.017896 0.078715
0 0.193508 0.740125 0.103748 0.075537
0 0.381970 0.764193 0.038395 0.053370
5 0.155033 0.492433 0.015779 0.063104
5 0.867698 0.453110 0.018339 0.072098
0 0.965344 0.747505 0.057064 0.060146
1 0.439901 0.745597 0.042698 0.114076
0 0.126443 0.701666 0.048046 0.039777
1 0.883205 0.781945 0.171733 0.107932
5 0.205471 0.536783 0.012941 0.051955
5 0.993221 0.316722 0.012828 0.087136
5 0.180841 0.514000 0.012466 0.051109
0 0.881846 0.781358 0.175258 0.107584