0 0.845458 0.789199 0.111183 0.078575
5 0.930962 0.392480 0.017624 0.078015
0 0.193387 0.740155 0.103268 0.076133
0 0.960568 0.755839 0.077895 0.078706
0 0.530695 0.796726 0.140938 0.095973
5 0.120459 0.463717 0.017305 0.067360
0 0.382803 0.765580 0.038625 0.052659
5 0.155016 0.492548 0.015947 0.063159
5 0.867784 0.452594 0.017957 0.071965
0 0.126673 0.702098 0.048635 0.040921
1 0.458767 0.745189 0.081294 0.111901
5 0.993354 0.317938 0.012573 0.086052
5 0.180825 0.513870 0.012662 0.051298
5 0.205557 0.536746 0.012648 0.051843