0 0.845624 0.789221 0.110933 0.078516
0 0.638899 0.801687 0.146738 0.097984
5 0.930885 0.392655 0.017766 0.078088
0 0.960398 0.756232 0.077472 0.076748
0 0.193566 0.740427 0.102989 0.075779
0 0.382747 0.766042 0.038629 0.052381
5 0.120540 0.463584 0.017308 0.067422
5 0.154963 0.492707 0.015928 0.063154
5 0.867962 0.452937 0.017729 0.071801
1 0.439830 0.745821 0.042910 0.114107
0 0.126647 0.702120 0.047226 0.040375
5 0.993355 0.317771 0.012563 0.085737
5 0.205612 0.536472 0.012584 0.051428
5 0.180790 0.513972 0.012704 0.051321