0 0.787575 0.795701 0.144703 0.101833
5 0.120171 0.463277 0.017319 0.067227
5 0.930742 0.392170 0.017841 0.078652
0 0.193793 0.740227 0.103518 0.075596
0 0.381946 0.764221 0.038426 0.053228
0 0.863347 0.785035 0.072540 0.070233
5 0.155072 0.492360 0.015995 0.063248
5 0.867571 0.452740 0.018628 0.072223
1 0.439921 0.745571 0.042708 0.114415
0 0.126675 0.701965 0.047860 0.040388
0 0.958928 0.755416 0.074101 0.074712
0 0.945861 0.758029 0.100323 0.076881
5 0.993287 0.316702 0.012701 0.087249
5 0.205437 0.536716 0.013067 0.051820
5 0.180692 0.514099 0.012792 0.051450