0 0.602220 0.801167 0.142100 0.096001
0 0.845478 0.789236 0.111146 0.078574
5 0.930832 0.392568 0.017801 0.078056
0 0.193599 0.740334 0.102721 0.075849
0 0.960577 0.756052 0.077961 0.078093
5 0.120505 0.463657 0.017167 0.067478
0 0.382766 0.766071 0.038724 0.052362
5 0.155012 0.492626 0.015874 0.063083
5 0.867905 0.452676 0.017757 0.071841
1 0.439780 0.745586 0.042932 0.114195
0 0.126575 0.701782 0.047180 0.041048
5 0.993319 0.317672 0.012627 0.086263
5 0.205596 0.536642 0.012612 0.051688
5 0.180833 0.513872 0.012628 0.051242