0 0.586571 0.799911 0.144954 0.094701
0 0.845484 0.789242 0.111066 0.078731
5 0.930865 0.392478 0.017780 0.078160
0 0.193517 0.740408 0.102975 0.075761
0 0.960501 0.755862 0.077760 0.078547
5 0.120528 0.463600 0.017189 0.067273
0 0.382727 0.765976 0.038753 0.052450
5 0.155013 0.492603 0.015906 0.063154
5 0.867846 0.452517 0.017953 0.071769
1 0.439709 0.745821 0.042871 0.114075
0 0.126525 0.701671 0.046982 0.040713
5 0.993356 0.317868 0.012558 0.086132
5 0.205584 0.536639 0.012605 0.051674
5 0.180823 0.513860 0.012618 0.051137