0 0.659552 0.801550 0.147727 0.097125
0 0.845641 0.789197 0.110837 0.078452
5 0.930938 0.392584 0.017649 0.078140
0 0.193605 0.740409 0.102891 0.075720
0 0.960203 0.755568 0.077038 0.078133
5 0.120542 0.463592 0.017134 0.067438
0 0.382744 0.766000 0.038489 0.052620
5 0.154943 0.492662 0.015883 0.063115
5 0.867963 0.452760 0.017585 0.071807
1 0.439733 0.745903 0.042874 0.114209
0 0.126667 0.701939 0.047411 0.040564
5 0.993352 0.317498 0.012566 0.086818
5 0.205613 0.536503 0.012560 0.051585
5 0.180783 0.513858 0.012542 0.051074