0 0.814786 0.797613 0.105619 0.072690
5 0.950361 0.374388 0.021093 0.086096
5 0.831951 0.488331 0.017751 0.062568
5 0.145307 0.492057 0.017297 0.067060
0 0.702721 0.805083 0.094369 0.054801
0 0.928785 0.769341 0.071582 0.075760
0 0.538473 0.806423 0.070034 0.073107
0 0.364295 0.775286 0.043292 0.051776
5 0.219887 0.555840 0.013812 0.047018
5 0.887233 0.437609 0.015398 0.067410
5 0.468241 0.647152 0.007924 0.022861
0 0.373617 0.774604 0.061640 0.052217
0 0.393581 0.769992 0.026453 0.043481
0 0.056952 0.665929 0.029222 0.026117
1 0.437737 0.765957 0.037137 0.075913